BIASES=[[0.011902190514326838,-0.2761157743802847,0.3603315789664001,0.36649447236737953,0.8729535688373771,0.3350094907164378],[-9.85906815375403,34.89887663232275,1.363252612980853,53.12347355157042,-31.83020926106627],[6.89013970678432,-4.420125156687561,22.08455117577001,1.091998861091598,1.6820423580556225],[-10.964162953224248,-20.471902543404124,8.532953720961059,-0.49160298404113245,10.424727549394886],[-2.586636485467931,-2.586636485467931]]
WEIGHTS=[[[3.7864686355514965,0.0266122743203557,2.7515342522034727,-0.23150512734049392,0.4306102740456318],[-25.89238909030577,-69.63586764259153,-0.12029617506747557,0.4600072659835447,0.26159809232609477],[-4.222274254154896,-0.23553677135486664,-2.6903459538722942,0.14202245490708354,-0.31143493839523123],[-1.5610985203916272,-0.14620856292122317,-2.626863694596155,0.7922464405138722,-0.15093510105024677],[-1.6532955541609273,-0.6528202157952636,-0.0027456200035155445,-107.81050940453619,1.7248917646644326],[20.802565460548923,0.6668968957536764,-0.00873585527709068,0.31873698802439576,60.898743670461585]],[[-7.1615520796313445,0.16997391040667734,-0.6671827543781762,-22.481984887256203,0.49006329289523404],[-10.209040987968764,2.847678153996611,-2.661304137780555,-4.36931450542019,7.202039425833423],[-9.738460885074455,-7.89761177631445,-23.151969919954194,1.7479187082417071,-15.74600425848511],[2.8295535499271978,2.811616399939451,6.782106717373397,-0.7787230082848963,5.9334678019424025],[-9.366277485033814,2.5395407381610973,-2.6947430572609967,-4.26641596029966,6.758420774182355]],[[-8.993572612322799,5.712705966039851,-6.539062941380531,-2.6056866896614457,-26.6459546434062],[-31.696236610003176,20.953475270057666,-9.634474591419968,-11.36930366608392,-1.3373353127700365],[4.791258114188586,14.834977928286689,-13.41037652514993,2.9530155888055205,-14.922838614066297],[16.673856053217058,22.071576291261337,5.522176117048158,-9.070180195645651,-6.532672780697463],[7.0047497130127825,-12.910537492948288,-8.399601990362326,3.4777065818109643,3.5945322096685928]],[[-3.8366737096377688,-3.8366737096377688],[4.724510517572918,4.724510517572918],[3.571451396876512,3.571451396876512],[4.764232168496268,4.764232168496268],[-3.4691324826463563,-3.4691324826463563]]]
ACTIVATION_FUNCTIONS=[0,1,1,1,1]
LEARNING_RATE=0.01
EPOCHS=10000
BATCH_SIZE=5
