BIASES=[[0.004298971341489377,-0.883311426466163,-0.6784830263681849,0.05293230669062399,-0.13605720248885556],[-8.115981122043847,-10.006865281603552,0.6651711036642107],[-6.727980618766272,5.531997463433772,-1.5348731313587538],[5.24410532989426,-5.906531056179601,2.36300538372504],[4.616633128179783,-4.6160179269861805]]
WEIGHTS=[[[4.549785218890546,0.22135774647403958,-2.8189990339801163],[4.586445321177386,-0.11506987203348283,-2.757900879692515],[-4.678137916077772,-0.6545627211292079,2.787564391836989],[4.690163882922329,-0.19163629445038083,-2.793150661203336],[-1.0398792094440825,21.029890497929035,1.2397435906559942]],[[8.404085120612384,-4.80975819832875,-10.317460267168881],[6.8549037284561525,-3.8455684496887774,-2.779566761374587],[-12.21172286788485,1.9998214381171175,4.760262707416596]],[[-4.296636827310809,-2.871704353974121,-2.0240040028326876],[-5.617002668627186,0.4149429808168052,1.5719272746300053],[-12.224047924006753,14.299745678499818,-5.162988948340611]],[[-6.418999354082344,6.418722338606767],[-3.221075525303803,3.2207952299999736],[-3.395937130405383,3.3953587468619424]]]
ACTIVATION_FUNCTIONS=[0,1,1,1,1]
LEARNING_RATE=0.1
EPOCHS=1000
BATCH_SIZE=10
