BIASES=[[0.9295420218601107,-0.7042824470978375,0.8291866563609158,0.5199503732232296,-0.5064349629957312],[-8.151878900000087,-0.5169271054469262,-1.8462885903792314,0.9695239927826559],[-0.15171795118396988,-0.4329149543781675,-18.562856977910073,5.656341556487065],[-3.3885322618925815,3.3885322618925815]]
WEIGHTS=[[[-4.212015087885698,4.938610843596024,7.126509648643708,-7.241757518591618],[4.540457010299158,-4.911862346084249,-7.421038636109893,7.092521255731354],[4.349525986363669,-4.920936371414783,-7.4980772908687765,7.628965426446764],[-4.372780057752237,5.34540476442125,-0.11724975169152671,7.817706017932499],[4.528275447467862,-5.398371249733108,-0.4099427477822364,-7.737204384016798]],[[-14.401392043925986,-0.8742151774811975,3.2978353150001003,-14.557949563521095],[-18.93276575061475,5.524872173069962,-1.075368912568787,5.809862493444471],[-5.44696523527958,-4.192920222741785,-8.189226790453136,-9.819598244736909],[-0.3448705081821307,-4.503027057019805,17.341271579900724,-5.025565308967593]],[[5.3439660419375175,-5.343966041937519],[5.016570156407049,-5.0165701564070515],[6.207972257014622,-6.207972257014621],[1.7171810401509353,-1.717181040150935]]]
ACTIVATION_FUNCTIONS=[0,1,1,1]
LEARNING_RATE=0.1
EPOCHS=1000
BATCH_SIZE=10
