BIASES=[[0.16720988268066095,-0.36070544387163395,0.192993781056094,-0.9160620281524512],[4.292487425673596,5.1201422432538575,-0.8127364367471045],[-8.377518701539715,0.6319953116421898,2.6668477370979993],[5.088399207809071,-5.0884034277651935]]
WEIGHTS=[[[-6.209709323579107,-5.936507435361361,-4.6106708123776],[-5.85343306120066,-6.073180471248516,-4.953992575929577],[6.250762429851287,5.847509654575876,4.738501732485489],[5.748882177359246,-5.994835401682786,-4.522254381913596]],[[10.274811927927272,-5.331889005149613,-2.007624136861885],[1.1972999769005752,5.222029596451539,-14.432716846354808],[-6.1628556038590885,-1.5893017915987142,2.314713046331719]],[[-4.278574920125368,4.278578447804877],[-4.095744759768965,4.095747715822182],[-4.272284543734499,4.27228794948598]]]
ACTIVATION_FUNCTIONS=[0,1,1,1]
LEARNING_RATE=0.1
EPOCHS=1000
BATCH_SIZE=10
