BIASES=[[0.2329440479821192,0.47765637598466704],[11.22522844330363,10.675893061721249,-1.1762379514976682],[3.3684232443163227,-3.3016581173764563,-1.992412373179778],[-6.379920467318178,6.381911475808218]]
WEIGHTS=[[[1.0824800508927939,-23.332119767568877,6.815192289910403],[-24.154818936245483,1.4931707983869245,6.367257467492481]],[[-11.692441213111753,7.983478317814001,6.950082440799031],[-11.05716725437034,7.468896632664243,6.5067828280803965],[3.5338450813063473,-7.6386078385812946,-7.65904385814904]],[[11.334306089121869,-11.336968206331047],[8.372480998948097,-8.205682180343405],[7.099941812791462,-7.275444777503296]]]
ACTIVATION_FUNCTIONS=[0,1,1,1]
LEARNING_RATE=0.1
EPOCHS=1000
BATCH_SIZE=5
