BIASES=[[0.0,0.0,0.0],[-9.899513791061999,-4.342158729960882,-11.716044050742235,3.1150962399418622],[-13.247291991869254,-4.599831477802814,-6.706589005385866,-14.47436004479532],[-3.4981199182583476,-14.770603377817196,-8.826793416177221,-10.431362951419617],[-1.35762084529631,-1.399620299390594,11.191458120582384,8.41917822928228],[6.45324587428353]]
WEIGHTS=[[[3.784895621220681,6.32946823452408,26.153220982895874,1.5353764577022446],[11.167174663548764,-6.315856821582215,-5.955077018876945,-17.392297714680492],[5.650094623914495,12.217987493958413,3.263075687084058,17.813596466815103]],[[6.81173521456001,2.820506390387921,5.363066728513858,6.908771426680789],[-0.49966150039100443,8.950985960554164,7.938691541482475,4.45278324309547],[3.2400087933665427,18.427865764916078,0.5127093430966738,6.529129248785841],[7.556080763219771,8.865043580759712,0.39989834805086644,11.230146720586454]],[[5.623802661668788,9.732201777811067,7.902921148682322,9.705659251329891],[3.680127094392125,9.98456201815623,2.3724567978699835,1.880649614662462],[6.2584014562896515,-11.1017266053441,4.570857449394663,4.06197115541042],[6.008335011608113,7.262090649480653,4.000919359793805,3.046371200522967]],[[5.768269451330419,5.993874892841836,-7.303051370437391,4.785643799150136],[-9.594850694124707,-10.825468557084989,-3.4431507365082323,-14.7738404550116],[0.009880842407446647,0.140327497521669,-8.592944619579539,-7.45468903191691],[-1.2086210911479591,-0.8204778435039112,-8.751010134587998,-9.264365343564982]],[[-8.32624034037473],[-8.814710038678106],[-12.843920551902402],[16.88722329646638]]]
ACTIVATION_FUNCTIONS=[0,1,1]
LEARNING_RATE=0.1
EPOCHS=100000
BATCH_SIZE=3
