BIASES=[[-0.5888570393356327,0.10546895428241743,0.04625289900293206,0.3249687170833897],[2.828569430258748,-0.880263275957744,1.704578767106509,1.6771395645108005,2.034052724138356],[-1.656049922098246,-2.755796573740949],[2.3458433419460794,-2.3458433419460794]]
WEIGHTS=[[[-4.05149363082499,5.32882798312516,-4.651114163560785,-4.848749183101369,-1.073815950840796],[-4.4089745816840225,-2.872834526659095,4.906051243900958,-1.993975185566443,-2.7785938081466544],[-4.455633389783743,2.713515223105325,5.429613933236501,-0.3925287889115519,3.0528024435224843],[4.252463066675521,-2.6136821779198622,-5.34652456399606,0.2239480641774416,-3.2717674777820385]],[[2.893268775584502,3.0774987115784667],[2.5260871869313015,-2.4215488166441914],[2.54137963823263,1.768749548962832],[-2.4591249335778684,-4.027076036364161],[-4.3148669669221835,6.126894055834739]],[[-0.8619768265671083,0.8619768265671084],[-0.8732790447602727,0.8732790447602727]]]
ACTIVATION_FUNCTIONS=[0,3,2,1]
LEARNING_RATE=0.1
EPOCHS=1000
BATCH_SIZE=10
