BIASES=[[-0.5086810698827351,-0.21520471967927235,0.44908338872699227,-0.5762794184149664,0.2367264040370547,-0.7004230310306094],[2.009631041642729,-3.6157666376209017,3.0437466500845316,-2.197700795488111,5.947084414747842],[0.7496878843155491,-2.157189328070734,2.175363094745189,1.9304256992402296,-0.5840370800129033],[-2.877877720500475,-1.060741244669855,-0.43907319976073733,4.7671105000835645,-0.0190177749892474],[0.20418464808004305,-0.1984475547164216]]
WEIGHTS=[[[-0.8257489464258033,-2.3714736783642882,-2.2129325798802135,4.173650584807783,0.7962872892114028],[0.16137424583443044,-2.5508857759220644,-4.3722190354818204,-0.35538401835717565,0.038107260024646906],[-0.5099636307101961,2.013833857595671,-0.25255563981193135,0.5298528785361046,-14.090401356441197],[1.089106179654355,11.748574756118071,-0.2975090594860143,0.8649879022682507,0.16557747003959683],[-5.180379690282369,-2.7740170302285168,-1.0534996004744406,2.0426805924944342,0.44463034060894263],[1.4305629053212474,1.9093282775472074,2.7919992343718554,-2.787655231025085,0.1327560249546428]],[[4.055250183638042,2.8279292194457053,-2.523583539177593,1.9150873909922306,-0.4945306235728555],[-3.282056860336101,-3.392452302571852,-5.454998985644731,-6.341259130000491,-1.5416974256698808],[8.248804944259186,6.378451333547254,-5.818453503317201,4.310026938864823,-1.2132745551029773],[-3.374389556004492,-2.911292895590756,2.562964584695031,-1.3117609597648348,0.49738593598529734],[-5.498295912648389,-4.219859648488173,4.43443671548462,-1.6047349232989592,-0.10834109855679422]],[[-1.1556412287881586,-2.489499827232694,3.401293049298404,-5.689908174160318,-2.816378345871603],[-0.34212896459217434,-0.127861631627699,-6.286807017492225,-3.203073008055993,-1.844010547061428],[0.21515852227122004,-0.9834675509605939,5.192410942613282,-0.4067639244272819,0.6177698787086249],[-0.47182826829281355,-1.0198139864092162,-6.292145180763459,-3.649990821551209,-2.539077719015389],[-0.11974510028362997,-1.459549467597645,-0.4593910345489948,1.3864751631447576,-0.8536017542082712]],[[-0.32436533609282736,0.4502738408814304],[-0.710585248033012,0.23398635125189443],[-2.6340001645048696,2.6126214736691216],[2.5121663593768577,-2.4990002869165506],[-1.142102024125843,1.2618726346967755]]]
ACTIVATION_FUNCTIONS=[0,1,1,1,1]
LEARNING_RATE=0.1
EPOCHS=1000
BATCH_SIZE=5
